3.3726611757257285 
([[1, 1], [1, 1], [1, 0], [0, 1], [1, 0]], [[0, 1], [1, 0], [0, 1], [0, 0], [1, 1]], [[1, 0], [0, 1], [0, 0], [0, 1], [0, 1]], [[0, 1], [1, 0], [1, 0], [1, 0], [0, 0]]) 

3.1116766436323804 
([[1, 0], [0, 1], [0, 1], [0, 0], [1, 1]], [[1, 1], [1, 0], [1, 0], [0, 0], [0, 1]], [[1, 0], [1, 0], [0, 1], [1, 0], [1, 0]], [[0, 1], [0, 1], [1, 0], [1, 0], [1, 1]]) 

14.60309796 
[[[1, 1], [0, 1], [0, 0], [1, 0], [1, 1]], [[0, 1], [0, 1], [1, 1], [0, 1], [1, 1]], [[1, 1], [0, 1], [0, 0], [1, 0], [1, 1]], [[1, 0], [1, 0], [0, 1], [0, 1], [1, 1]]] 

8.278790304421555 
[[[1, 1], [0, 1], [0, 1], [1, 1], [1, 0]], [[1, 1], [1, 1], [1, 0], [1, 1], [0, 1]], [[0, 1], [0, 0], [0, 0], [1, 0], [0, 0]], [[0, 0], [0, 1], [0, 1], [0, 1], [1, 1]]] 

9.838948578502091 
[[[1, 1], [1, 1], [1, 1], [1, 1], [1, 0]], [[0, 1], [0, 0], [1, 1], [1, 1], [0, 0]], [[1, 0], [1, 1], [1, 1], [0, 1], [1, 0]], [[0, 0], [1, 1], [0, 1], [1, 1], [1, 1]]] 

